{
 "cells": [
  {
   "cell_type": "code",
   "execution_count": 5,
   "metadata": {},
   "outputs": [
    {
     "name": "stdout",
     "output_type": "stream",
     "text": [
      "The autoreload extension is already loaded. To reload it, use:\n",
      "  %reload_ext autoreload\n"
     ]
    }
   ],
   "source": [
    "import sys\n",
    "sys.path.append('../')\n",
    "\n",
    "import numpy as np\n",
    "import matplotlib\n",
    "import matplotlib.pyplot as plt\n",
    "import torch\n",
    "import glob\n",
    "import io\n",
    "import os\n",
    "import pickle\n",
    "\n",
    "\n",
    "import ColorDataUtils.mattplotlib as mplt\n",
    "from ColorDataUtils.mattprintlib import fmt\n",
    "from NDNT.utils import imagesc   # because I'm lazy\n",
    "\n",
    "class Model:\n",
    "    def __init__(self, ndn_model, LLs, trial):\n",
    "        self.ndn = ndn_model\n",
    "        self.LLs = LLs\n",
    "        self.trial = trial\n",
    "from models import iter_core, cnn_core\n",
    "from models import iter_0715_1x, iter_0722_1x, iter_0801_1x, iter_0808_1x\n",
    "from models import iter_0715_2x, iter_0722_2x, iter_0801_2x, iter_0808_2x\n",
    "from models import cnn_0715_1x, cnn_0722_1x, cnn_0801_1x, cnn_0808_1x\n",
    "from models import cnn_0715_2x, cnn_0722_2x, cnn_0801_2x, cnn_0808_2x\n",
    "\n",
    "device = torch.device(\"mps\")\n",
    "\n",
    "class CPUUnpickler(pickle.Unpickler):\n",
    "    def find_class(self, module, name):\n",
    "        if module == 'torch.storage' and name == '_load_from_bytes':\n",
    "            return lambda b: torch.load(io.BytesIO(b), map_location='cpu')\n",
    "        else: return super().find_class(module, name)\n",
    "\n",
    "%load_ext autoreload\n",
    "%autoreload 2"
   ]
  },
  {
   "cell_type": "code",
   "execution_count": 6,
   "metadata": {},
   "outputs": [],
   "source": [
    "# # load all the models in the models directory\n",
    "# models_dirname = '../models'\n",
    "# models = {}\n",
    "# for dirname in os.listdir(models_dirname):\n",
    "#     if dirname.startswith('.'):\n",
    "#         continue\n",
    "#     for fname in glob.glob(os.path.join(models_dirname, dirname, '*.pkl')):\n",
    "#         if os.path.basename(fname) in ['pred.pkl', 'study.pkl']:\n",
    "#             continue\n",
    "#         with open(fname, 'rb') as f:\n",
    "#             fname = fname.split('/')[2] + '_' + fname.split('/')[3]\n",
    "#             print(fname)\n",
    "#             try:\n",
    "#                 models[fname] = CPUUnpickler(f).load()\n",
    "#             except EOFError as e:\n",
    "#                 print(e)\n",
    "#                 print('skipping', fname)\n",
    "#\n",
    "# LLs = []\n",
    "# for name, model in models.items():\n",
    "#     if 'ndn_model' in model.__dict__:\n",
    "#         LLs.append(np.mean(model.LLs))\n",
    "#     else:\n",
    "#         print(name)\n",
    "#\n",
    "# fig = plt.figure(figsize=(10, 5))\n",
    "# plt.plot(LLs)\n",
    "# plt.show()"
   ]
  },
  {
   "cell_type": "code",
   "execution_count": null,
   "metadata": {},
   "outputs": [],
   "source": [
    "# # save the projection layer from all of the models to images that I can look through\n",
    "# k = 0\n",
    "# for name, model in models.items():\n",
    "#     if 'ndn_model' in model.__dict__:\n",
    "#         if model.ndn_model is not None:\n",
    "#             print(name)\n",
    "#             fig = plt.figure(figsize=(15,10))\n",
    "#             grid = matplotlib.gridspec.GridSpec(10, 8, wspace=0.1, hspace=0.1)\n",
    "#             for idx in range(10*4):\n",
    "#                 i,j = np.unravel_index(idx,(10,4)) # layer position\n",
    "#                 row,col = np.unravel_index(idx,(10,8)) # plot position\n",
    "#                 ax = plt.subplot(grid[row,col])\n",
    "#                 proj_weights = model.ndn_model.networks[0].layers[1].get_weights()[j,:,:,i]\n",
    "#                 proj_filter = model.ndn_model.networks[0].layers[1].get_weights()[j,:,:,i]\n",
    "#                 imagesc(proj_filter, ax=ax, cmap='viridis')\n",
    "#             # save the figure\n",
    "#             plt.savefig('proj_filters/{}.png'.format(name), bbox_inches='tight')\n",
    "#     k += 1"
   ]
  },
  {
   "cell_type": "code",
   "execution_count": 7,
   "metadata": {},
   "outputs": [],
   "source": [
    "good_model_fnames = [\n",
    "    'cnns_multi_04/cnn_0.pkl',\n",
    "    'cnns_multi_02/cnn_1.pkl',\n",
    "    'cnns_06/cnn_14.pkl',\n",
    "    'cnns_06/cnn_11.pkl',\n",
    "    'cnns_06/cnn_6.pkl',\n",
    "    'cnns_05/cnn_5.pkl',\n",
    "    'cnns_03/cnn_17.pkl',\n",
    "    'cnns_05/cnn_11.pkl',\n",
    "    'cnns_03/cnn_4.pkl',\n",
    "    'cnns_02/cnn_19.pkl']"
   ]
  },
  {
   "cell_type": "code",
   "execution_count": 8,
   "metadata": {},
   "outputs": [],
   "source": [
    "good_models = []\n",
    "for good_model_fname in good_model_fnames:\n",
    "    with open('../models/'+good_model_fname, 'rb') as f:\n",
    "        good_models.append(CPUUnpickler(f).load())"
   ]
  },
  {
   "cell_type": "code",
   "execution_count": 44,
   "metadata": {},
   "outputs": [
    {
     "data": {
      "text/plain": [
       "{'window': True,\n",
       " 'tent_basis': None,\n",
       " 'training': False,\n",
       " '_parameters': OrderedDict([('weight',\n",
       "               Parameter containing:\n",
       "               tensor([[ 0.0866, -0.0072,  0.0346,  ..., -0.0408, -0.0420,  0.1439],\n",
       "                       [ 0.0950,  0.0088,  0.0569,  ..., -0.0291, -0.0177,  0.1793],\n",
       "                       [ 0.0779,  0.0576,  0.0590,  ...,  0.0192,  0.0348,  0.2232],\n",
       "                       ...,\n",
       "                       [ 0.0066,  0.0452,  0.0670,  ..., -0.1348, -0.0619,  0.0784],\n",
       "                       [ 0.0168,  0.0122,  0.0566,  ..., -0.0713, -0.0582,  0.0201],\n",
       "                       [ 0.0371, -0.0113,  0.0281,  ..., -0.0504, -0.0358, -0.0107]],\n",
       "                      requires_grad=True))]),\n",
       " '_buffers': OrderedDict([('bias',\n",
       "               tensor([0., 0., 0., 0., 0., 0., 0., 0., 0., 0., 0., 0., 0., 0., 0., 0., 0., 0., 0., 0., 0., 0., 0., 0.,\n",
       "                       0., 0., 0., 0., 0., 0., 0., 0., 0., 0., 0., 0., 0., 0., 0., 0., 0., 0., 0., 0., 0., 0., 0., 0.])),\n",
       "              ('_ei_mask',\n",
       "               tensor([ 1.,  1.,  1.,  1.,  1.,  1.,  1.,  1.,  1.,  1.,  1.,  1.,  1.,  1.,\n",
       "                        1.,  1.,  1.,  1.,  1.,  1.,  1.,  1.,  1.,  1., -1., -1., -1., -1.,\n",
       "                       -1., -1., -1., -1., -1., -1., -1., -1., -1., -1., -1., -1., -1., -1.,\n",
       "                       -1., -1., -1., -1., -1., -1.])),\n",
       "              ('window_function',\n",
       "               tensor([[0.0064, 0.0092, 0.0172, 0.0291, 0.0432, 0.0573, 0.0692, 0.0772, 0.0800,\n",
       "                        0.0772, 0.0692, 0.0573, 0.0432, 0.0291, 0.0172, 0.0092, 0.0064],\n",
       "                       [0.0092, 0.0132, 0.0247, 0.0419, 0.0621, 0.0824, 0.0995, 0.1110, 0.1150,\n",
       "                        0.1110, 0.0995, 0.0824, 0.0621, 0.0419, 0.0247, 0.0132, 0.0092],\n",
       "                       [0.0172, 0.0247, 0.0461, 0.0782, 0.1160, 0.1538, 0.1858, 0.2072, 0.2147,\n",
       "                        0.2072, 0.1858, 0.1538, 0.1160, 0.0782, 0.0461, 0.0247, 0.0172],\n",
       "                       [0.0291, 0.0419, 0.0782, 0.1325, 0.1965, 0.2606, 0.3149, 0.3512, 0.3640,\n",
       "                        0.3512, 0.3149, 0.2606, 0.1965, 0.1325, 0.0782, 0.0419, 0.0291],\n",
       "                       [0.0432, 0.0621, 0.1160, 0.1965, 0.2916, 0.3867, 0.4672, 0.5211, 0.5400,\n",
       "                        0.5211, 0.4672, 0.3867, 0.2916, 0.1965, 0.1160, 0.0621, 0.0432],\n",
       "                       [0.0573, 0.0824, 0.1538, 0.2606, 0.3867, 0.5127, 0.6196, 0.6910, 0.7160,\n",
       "                        0.6910, 0.6196, 0.5127, 0.3867, 0.2606, 0.1538, 0.0824, 0.0573],\n",
       "                       [0.0692, 0.0995, 0.1858, 0.3149, 0.4672, 0.6196, 0.7487, 0.8350, 0.8653,\n",
       "                        0.8350, 0.7487, 0.6196, 0.4672, 0.3149, 0.1858, 0.0995, 0.0692],\n",
       "                       [0.0772, 0.1110, 0.2072, 0.3512, 0.5211, 0.6910, 0.8350, 0.9312, 0.9650,\n",
       "                        0.9312, 0.8350, 0.6910, 0.5211, 0.3512, 0.2072, 0.1110, 0.0772],\n",
       "                       [0.0800, 0.1150, 0.2147, 0.3640, 0.5400, 0.7160, 0.8653, 0.9650, 1.0000,\n",
       "                        0.9650, 0.8653, 0.7160, 0.5400, 0.3640, 0.2147, 0.1150, 0.0800],\n",
       "                       [0.0772, 0.1110, 0.2072, 0.3512, 0.5211, 0.6910, 0.8350, 0.9312, 0.9650,\n",
       "                        0.9312, 0.8350, 0.6910, 0.5211, 0.3512, 0.2072, 0.1110, 0.0772],\n",
       "                       [0.0692, 0.0995, 0.1858, 0.3149, 0.4672, 0.6196, 0.7487, 0.8350, 0.8653,\n",
       "                        0.8350, 0.7487, 0.6196, 0.4672, 0.3149, 0.1858, 0.0995, 0.0692],\n",
       "                       [0.0573, 0.0824, 0.1538, 0.2606, 0.3867, 0.5127, 0.6196, 0.6910, 0.7160,\n",
       "                        0.6910, 0.6196, 0.5127, 0.3867, 0.2606, 0.1538, 0.0824, 0.0573],\n",
       "                       [0.0432, 0.0621, 0.1160, 0.1965, 0.2916, 0.3867, 0.4672, 0.5211, 0.5400,\n",
       "                        0.5211, 0.4672, 0.3867, 0.2916, 0.1965, 0.1160, 0.0621, 0.0432],\n",
       "                       [0.0291, 0.0419, 0.0782, 0.1325, 0.1965, 0.2606, 0.3149, 0.3512, 0.3640,\n",
       "                        0.3512, 0.3149, 0.2606, 0.1965, 0.1325, 0.0782, 0.0419, 0.0291],\n",
       "                       [0.0172, 0.0247, 0.0461, 0.0782, 0.1160, 0.1538, 0.1858, 0.2072, 0.2147,\n",
       "                        0.2072, 0.1858, 0.1538, 0.1160, 0.0782, 0.0461, 0.0247, 0.0172],\n",
       "                       [0.0092, 0.0132, 0.0247, 0.0419, 0.0621, 0.0824, 0.0995, 0.1110, 0.1150,\n",
       "                        0.1110, 0.0995, 0.0824, 0.0621, 0.0419, 0.0247, 0.0132, 0.0092],\n",
       "                       [0.0064, 0.0092, 0.0172, 0.0291, 0.0432, 0.0573, 0.0692, 0.0772, 0.0800,\n",
       "                        0.0772, 0.0692, 0.0573, 0.0432, 0.0291, 0.0172, 0.0092, 0.0064]]))]),\n",
       " '_non_persistent_buffers_set': set(),\n",
       " '_backward_pre_hooks': OrderedDict(),\n",
       " '_backward_hooks': OrderedDict(),\n",
       " '_is_full_backward_hook': None,\n",
       " '_forward_hooks': OrderedDict(),\n",
       " '_forward_hooks_with_kwargs': OrderedDict(),\n",
       " '_forward_pre_hooks': OrderedDict(),\n",
       " '_forward_pre_hooks_with_kwargs': OrderedDict(),\n",
       " '_state_dict_hooks': OrderedDict(),\n",
       " '_state_dict_pre_hooks': OrderedDict(),\n",
       " '_load_state_dict_pre_hooks': OrderedDict(),\n",
       " '_load_state_dict_post_hooks': OrderedDict(),\n",
       " '_modules': OrderedDict([('NL', ReLU()),\n",
       "              ('reg', Regularization(\n",
       "                 (reg_modules): ModuleList()\n",
       "               )),\n",
       "              ('output_norm',\n",
       "               BatchNorm2d(48, eps=1e-05, momentum=0.1, affine=True, track_running_stats=True))]),\n",
       " 'input_dims': [4, 60, 60, 1],\n",
       " 'num_filters': 48,\n",
       " 'filter_dims': [4, 17, 17, 1],\n",
       " '_output_dims': [48, 60, 60, 1],\n",
       " 'num_outputs': 172800,\n",
       " 'norm_type': 1,\n",
       " 'pos_constraint': False,\n",
       " 'conv': False,\n",
       " 'shape': (1156, 48),\n",
       " 'weight_scale': 0.34,\n",
       " 'activity_reg': <NDNT.modules.activity_regularization.ActivityRegularization at 0x13b727350>,\n",
       " 'activity_regularization': 0.0,\n",
       " '_num_inh': 24,\n",
       " 'is1D': False,\n",
       " 'res_layer': False,\n",
       " 'stride': 1,\n",
       " 'dilation': 1,\n",
       " '_padding': 'same',\n",
       " '_fullpadding': False,\n",
       " '_npads': (8, 8, 8, 8),\n",
       " 'folded_dims': 4}"
      ]
     },
     "execution_count": 44,
     "metadata": {},
     "output_type": "execute_result"
    }
   ],
   "source": [
    "#good_models[0].ndn_model.networks[0].layers[0].__dict__['_modules']['reg'].__dict__['vals']\n",
    "good_models[1].ndn_model.networks[0].layers[1].__dict__"
   ]
  },
  {
   "cell_type": "code",
   "execution_count": null,
   "metadata": {},
   "outputs": [],
   "source": []
  },
  {
   "cell_type": "code",
   "execution_count": 41,
   "metadata": {},
   "outputs": [
    {
     "name": "stdout",
     "output_type": "stream",
     "text": [
      "----------------------------------------\n",
      "LL: 0.02847587689757347\n",
      "ScaffoldNetwork\n",
      "\tSTconvLayer\t(7, 7, 11, 4)\t{'d2x': 1e-06, 'd2t': 0.01, 'edge_t': 100}\n",
      "\tConvLayer\t(4, 21, 21, 38)\t{}\n",
      "\tIterLayer\t(38, 9, 9, 38)\t{}\n",
      "ReadoutNetwork\n",
      "\tReadoutLayer\t(228, 587)\t{'max': 0.0001}\n",
      "FFnetwork\n",
      "\tNDNLayer\t(166, 587)\t{'d2t': 0.5}\n",
      "FFnetwork\n",
      "\tChannelLayer\t(587,)\t{}\n",
      "----------------------------------------\n",
      "LL: 0.027293842285871506\n",
      "ScaffoldNetwork\n",
      "\tSTconvLayer\t(9, 9, 14, 4)\t{'d2x': 1e-06, 'd2t': 0.01, 'edge_t': 100}\n",
      "\tConvLayer\t(4, 17, 17, 48)\t{}\n",
      "\tConvLayer\t(48, 15, 15, 48)\t{}\n",
      "\tConvLayer\t(48, 9, 9, 48)\t{}\n",
      "\tConvLayer\t(48, 5, 5, 48)\t{}\n",
      "ReadoutNetwork\n",
      "\tReadoutLayer\t(192, 585)\t{'max': 0.0001}\n",
      "FFnetwork\n",
      "\tNDNLayer\t(166, 585)\t{'d2t': 0.5}\n",
      "FFnetwork\n",
      "\tChannelLayer\t(585,)\t{}\n",
      "----------------------------------------\n",
      "LL: 0.03348736653382751\n",
      "ScaffoldNetwork\n",
      "\tSTconvLayer\t(7, 7, 11, 4)\t{'d2x': 1e-06, 'd2t': 0.01, 'edge_t': 100}\n",
      "\tConvLayer\t(4, 13, 13, 44)\t{}\n",
      "\tSTconvLayer\t(44, 17, 17, 2, 35)\t{}\n",
      "\tSTconvLayer\t(35, 17, 17, 2, 35)\t{}\n",
      "\tSTconvLayer\t(35, 17, 17, 2, 30)\t{}\n",
      "ReadoutNetwork\n",
      "\tReadoutLayer\t(144, 174)\t{'max': 0.0001}\n",
      "FFnetwork\n",
      "\tNDNLayer\t(44, 174)\t{'d2t': 0.5}\n",
      "FFnetwork\n",
      "\tChannelLayer\t(174,)\t{}\n",
      "----------------------------------------\n",
      "LL: 0.033954509373368885\n",
      "ScaffoldNetwork\n",
      "\tSTconvLayer\t(7, 7, 11, 4)\t{'d2x': 1e-06, 'd2t': 0.01, 'edge_t': 100}\n",
      "\tConvLayer\t(4, 17, 17, 50)\t{}\n",
      "\tSTconvLayer\t(50, 11, 11, 2, 37)\t{}\n",
      "\tSTconvLayer\t(37, 11, 11, 2, 37)\t{}\n",
      "\tSTconvLayer\t(37, 11, 11, 2, 11)\t{}\n",
      "ReadoutNetwork\n",
      "\tReadoutLayer\t(135, 174)\t{'max': 0.0001}\n",
      "FFnetwork\n",
      "\tNDNLayer\t(44, 174)\t{'d2t': 0.5}\n",
      "FFnetwork\n",
      "\tChannelLayer\t(174,)\t{}\n",
      "----------------------------------------\n",
      "LL: 0.03385794847861104\n",
      "ScaffoldNetwork\n",
      "\tSTconvLayer\t(7, 7, 11, 4)\t{'d2x': 1e-06, 'd2t': 0.01, 'edge_t': 100}\n",
      "\tConvLayer\t(4, 15, 15, 40)\t{}\n",
      "\tSTconvLayer\t(40, 13, 13, 2, 44)\t{}\n",
      "\tSTconvLayer\t(44, 13, 13, 2, 44)\t{}\n",
      "\tSTconvLayer\t(44, 13, 13, 2, 44)\t{}\n",
      "ReadoutNetwork\n",
      "\tReadoutLayer\t(172, 174)\t{'max': 0.0001}\n",
      "FFnetwork\n",
      "\tNDNLayer\t(44, 174)\t{'d2t': 0.5}\n",
      "FFnetwork\n",
      "\tChannelLayer\t(174,)\t{}\n",
      "----------------------------------------\n",
      "LL: 0.031151134392310834\n",
      "ScaffoldNetwork\n",
      "\tSTconvLayer\t(7, 7, 11, 4)\t{'d2x': 1e-06, 'd2t': 0.01, 'edge_t': 100}\n",
      "\tConvLayer\t(4, 15, 15, 26)\t{}\n",
      "\tIterSTlayer\t(26, 13, 13, 2, 26)\t{}\n",
      "ReadoutNetwork\n",
      "\tReadoutLayer\t(104, 174)\t{'max': 0.0001}\n",
      "FFnetwork\n",
      "\tNDNLayer\t(44, 174)\t{'d2t': 0.5}\n",
      "FFnetwork\n",
      "\tChannelLayer\t(174,)\t{}\n",
      "----------------------------------------\n",
      "LL: 0.028107861677805584\n",
      "ScaffoldNetwork\n",
      "\tSTconvLayer\t(7, 7, 11, 5)\t{'d2x': 1e-06, 'd2t': 0.01, 'edge_t': 100}\n",
      "\tConvLayer\t(5, 13, 13, 23)\t{}\n",
      "\tIterSTlayer\t(23, 5, 5, 2, 23)\t{}\n",
      "ReadoutNetwork\n",
      "\tReadoutLayer\t(69, 174)\t{'max': 0.0001}\n",
      "FFnetwork\n",
      "\tNDNLayer\t(44, 174)\t{'d2t': 0.5}\n",
      "FFnetwork\n",
      "\tChannelLayer\t(174,)\t{}\n",
      "----------------------------------------\n",
      "LL: 0.029405585650739998\n",
      "ScaffoldNetwork\n",
      "\tSTconvLayer\t(7, 7, 11, 4)\t{'d2x': 1e-06, 'd2t': 0.01, 'edge_t': 100}\n",
      "\tConvLayer\t(4, 11, 11, 14)\t{}\n",
      "\tIterSTlayer\t(14, 5, 5, 2, 14)\t{}\n",
      "ReadoutNetwork\n",
      "\tReadoutLayer\t(84, 174)\t{'max': 0.0001}\n",
      "FFnetwork\n",
      "\tNDNLayer\t(44, 174)\t{'d2t': 0.5}\n",
      "FFnetwork\n",
      "\tChannelLayer\t(174,)\t{}\n",
      "----------------------------------------\n",
      "LL: 0.021124101233208317\n",
      "ScaffoldNetwork\n",
      "\tSTconvLayer\t(7, 7, 11, 4)\t{'d2x': 1e-06, 'd2t': 0.01, 'edge_t': 100}\n",
      "\tConvLayer\t(4, 17, 17, 30)\t{}\n",
      "\tIterSTlayer\t(30, 7, 7, 2, 30)\t{}\n",
      "ReadoutNetwork\n",
      "\tReadoutLayer\t(150, 174)\t{'max': 0.0001}\n",
      "FFnetwork\n",
      "\tNDNLayer\t(44, 174)\t{'d2t': 0.5}\n",
      "FFnetwork\n",
      "\tChannelLayer\t(174,)\t{}\n",
      "----------------------------------------\n",
      "LL: 0.031656405706515255\n",
      "ScaffoldNetwork\n",
      "\tSTconvLayer\t(7, 7, 11, 4)\t{'d2x': 1e-06, 'd2t': 0.01, 'edge_t': 100}\n",
      "\tConvLayer\t(4, 13, 13, 28)\t{}\n",
      "\tIterSTlayer\t(28, 9, 9, 2, 28)\t{}\n",
      "ReadoutNetwork\n",
      "\tReadoutLayer\t(140, 174)\t{'max': 0.0001}\n",
      "FFnetwork\n",
      "\tNDNLayer\t(44, 174)\t{'d2t': 0.5}\n",
      "FFnetwork\n",
      "\tChannelLayer\t(174,)\t{}\n"
     ]
    }
   ],
   "source": [
    "def model_summary(model):\n",
    "    def type_name(obj):\n",
    "        return str(type(obj)).split('.')[-1].split(\"'\")[0]\n",
    "\n",
    "    print('LL: {}'.format(np.mean(model.LLs)))\n",
    "    \n",
    "    for network in model.ndn_model.networks:\n",
    "        print('{}'.format(type_name(network)))\n",
    "        for layer in network.layers:\n",
    "            print('\\t{}\\t{}\\t{}\\t{}'.format(\n",
    "                                    type_name(layer), \n",
    "                                    layer.get_weights().shape,\n",
    "                                    layer.\n",
    "                                    layer.__dict__['_modules']['reg'].__dict__['vals']))\n",
    "\n",
    "# look at the parameters for the good models\n",
    "#print(model_summary(good_models[0]))\n",
    "\n",
    "for model in good_models:\n",
    "    print('----------------------------------------')\n",
    "    model_summary(model)"
   ]
  },
  {
   "cell_type": "code",
   "execution_count": null,
   "metadata": {},
   "outputs": [],
   "source": []
  }
 ],
 "metadata": {
  "kernelspec": {
   "display_name": "gpu",
   "language": "python",
   "name": "python3"
  },
  "language_info": {
   "codemirror_mode": {
    "name": "ipython",
    "version": 3
   },
   "file_extension": ".py",
   "mimetype": "text/x-python",
   "name": "python",
   "nbconvert_exporter": "python",
   "pygments_lexer": "ipython3",
   "version": "3.11.4"
  },
  "orig_nbformat": 4
 },
 "nbformat": 4,
 "nbformat_minor": 2
}
